8.926486953600
7.933629124504
7.355762110382
6.947774091222
6.632850131311
6.376775160967
6.161298105867
5.975524940250
5.812428998697
5.667212700258
5.536454280329
5.417627372778
5.308813549157
5.208521695007
5.115569852563
5.029005273690
4.948048755811
4.872054909261
4.800483182669
4.732876330443
4.668844137926
4.608050935925
4.550205895267
4.495055385279
4.442376894470
4.391974146649
4.343673134632
4.297318880170
4.252772761113
4.209910289285
4.168619257407
4.128798178394
4.090354962138
4.053205794892
4.017274177889
3.982490102274
3.948789337108
3.916112813389
3.884406083327
3.853618858267
3.823704590922
3.794620117905
3.766325340014
3.738782939750
3.711958131428
3.685818438418
3.660333491352
3.635474855589
3.611215864980
3.587531487450
3.564398181334
3.541793797978
3.519697461045
3.498089466103
3.476951220466
3.456265144467
3.436014578912
3.416183756576
3.396757756645
3.377722386361
3.359064130697
3.340770193610
3.322828447860
3.305227278866
3.287955542094
3.271002679134
3.254358737701
3.238014191108
3.221959757095
3.206186483859
3.190685968745
3.175450394117
3.160472253347
3.145744062914
3.131258403361
3.117008247094
3.102987226143
3.089189537330
3.075609511839
3.062241231890
3.049078558002
3.036115534379
3.023346887505
3.010768172019
2.998375460899
2.986164735798
2.974131426424
2.962270372135
2.950576285026
2.939044400837
2.927670976167
2.916453295765
2.905389215215
2.894476418186
2.883711793031
2.873091211407
2.862609804844
2.852262653910
2.842045550550
2.831955556953
2.821991117898
2.812151670416
2.802436920662
2.792846029925
2.783376976838
2.774026330849
2.764789490065
2.755661292183
2.746636838505
2.737712276313
2.728885309152
2.720155330963
2.711523140808
2.702990302189
2.694558342814
2.686227956305
2.677998408013
2.669867243594
2.661830387289
2.653882571390
2.646018021927
2.638231234210
2.630517722268
2.622874579416
2.615300777088
2.607797132387
2.600365994043
2.593010679092
2.585734778532
2.578541413617
2.571432590706
2.564408715867
2.557468340961
2.550608174975
2.543823323281
2.537107749615
2.530454867459
2.523858192886
2.517311987294
2.510811790426
2.504354823263
2.497940195250
2.491568911203
2.485243694653
2.478968625551
2.472748673393
2.466589146379
2.460495123646
2.454470919356
2.448519635786
2.442642813232
2.436840238792
2.431109894712
2.425448055651
2.419849516508
2.414307938515
2.408816253584
2.403367132725
2.397953452554
2.392568739140
2.387207557687
2.381865822614
2.376541022525
2.371232321840
2.365940576130
2.360668235704
2.355419160233
2.350198357497
2.345011662876
2.339865392048
2.334765957813
2.329719512894
2.324731606132
2.319806881398
2.314948830286
2.310159608249
2.305439918104
2.300788975032
2.296204521154
2.291682926584
2.287219337954
2.282807877956
2.278441882753
2.274114165378
2.269817290810
2.265543863869
2.261286785349
2.257039511556
2.252796274005
2.248552266385
2.244303791224
2.240048362908
2.235784765579
2.231513066100
2.227234581828
2.222951818963
2.218668353659
2.214388704629
2.210118169833
