961981.750157586881
1031346.040199417039
1159724.477635735646
939799.862034110469
1048020.709580006078
972266.220759239746
930755.732910433901
896057.706690905266
1008139.047898437362
1116992.191658690339
942926.710847749258
892121.874889920349
1109845.842398516601
877981.614625094458
924611.897647671518
1051819.852494071471
1231072.311445227824
932821.862446135259
1023034.319257581490
975691.337950064917
1003738.144386484753
983397.505350883002
947858.892099193879
1023377.965317123919
965028.889055773732
1223164.188597441651
1165687.142644982785
939727.391347648925
896717.057468455518
918617.881124401581
1183830.174500034889
1024711.777254262008
936118.052772800089
1011654.060351677821
1181767.340088858735
1004855.478127916809
1187178.257281666854
1200155.154105196940
1100251.427500569727
830729.391662722686
888220.467273783637
795040.762721575680
905108.794637278072
1113980.054938188288
998884.000901337015
997167.564928918378
1081887.856089871377
1042596.125336554018
848634.039762974367
799421.727302303305
1115867.119402647251
986751.806558405748
1081887.856089871377
995741.701270279125
740900.930489309016
994806.923346637632
954372.684704856365
1045234.137661575689
860620.396256801672
1118632.716265495867
1002499.573132305988
909703.255523761618
1161050.382145227864
929052.741556477151
913385.160470417584
886411.464285445982
1357663.191955917049
1149875.902151001152
941324.332689348958
1228946.267921825405
1083041.664681506576
960465.385482054786
1194948.624616606859
1035266.841753960820
1025056.551372865448
906050.915315710823
940724.844047035673
1049284.037454478210
1040326.516219592886
1108256.166878529591
947030.215340092545
1019738.488849530229
699001.078983383719
901026.603400836349
860863.578058513114
821627.886394033907
851450.467143847025
797747.107292243512
1052887.643777895952
917304.088144246256
1050550.414741061395
898104.857468959526
940017.341175278532
776400.663289775141
920195.934607918141
1040481.957864313968
1341078.993176660268
1130043.101909895428
1019781.155731908861
1216934.772418245673
944095.507514433819
886153.636634403025
1067669.950148616685
1271998.832106498769
1088799.179003467551
1216190.896919580409
1062920.520975838648
834969.839739384130
920074.353416105034
991569.146541603841
1009099.061068712850
922372.450120822876
1059674.117541879881
949465.119672482368
1104239.290594083956
1029603.312858762336
1058213.338919443544
1152267.852779530222
905377.771990810637
1040148.925486199325
907130.029104980757
961526.338251247536
1277926.273133833893
902561.458376263618
1136789.627891446929
1308956.478087681113
1049826.396536553279
1024754.861335041351
1062642.554150358541
1049419.574682136532
799421.727302303305
1167166.441049354617
1284399.748207874363
947324.689909539069
1005311.401666087331
1137213.961459155660
1115918.209880162263
963788.663700599922
936945.743358806125
923473.320905280765
1018077.260734863114
837437.109056920744
1184984.909665141022
1000524.204515296500
939727.391347648925
854330.568448836217
881905.075606267899
1091872.127138814656
987071.505831549643
1046760.420116501511
1077672.219356438145
1047930.588270385400
1122910.371895536548
909397.769560561981
1177428.484154233010
857471.489656368620
970176.324416552088
978983.355639163870
1035992.927909233258
1128787.033252714900
915409.187680474133
873951.865389867453
855665.272503602784
851896.875987159088
953103.770608189516
1001181.795185368974
1149116.908156182151
1101046.694163020467
995457.017725560465
819748.742835753481
953849.781699773856
990259.811965164961
763175.401490249904
1201339.196667617420
887896.889690077282
1071236.358209942933
898700.944763739710
918894.948800807702
924892.593427163898
1002334.661210422055
1071754.523635399528
1084776.999376563122
949354.170606965432
1334470.522448128788
851004.525907563628
1148575.382751772879
763079.825359819108
1062642.554150358541
944314.979542526999
930969.045912628761
1321733.710520207183
922791.519839187618
951466.646704896237
1162573.379856072133
859527.776202307199
1188220.047874055337
879740.461729777511
995863.758355504717
1064592.016335835680
1268292.117499746149
1028907.869891616981
859406.545204253285
1198857.335070960224
963046.057451897534
990440.898162899190
1217421.060039591510
985315.718870982528
1014855.497251524939
1027779.776587358676
989134.539558556979
1177314.733938393416
1179365.606406301260
985993.350135224871
1043533.551207082695
826083.569075129577
1190770.724976661615
975847.598574336269
989054.260809277534
970717.286203306634
1154232.317768167472
1157961.308532526717
1111490.770794993732
962893.869389721192
1035552.754163520643
968172.305632502655
1197546.690021625254
980874.501850958681
1090162.795634147013
1072178.850166840712
962437.593665796216
963122.169524722267
904705.628136325977
880002.513769648271
1177201.005699025467
959293.486912765075
842066.391030701459
976082.083379760617
915856.366375793703
1145983.149426021380
805658.125809619902
947914.188783160527
845572.079586199834
1343888.929311459186
961640.150798683055
978668.873353381874
940225.853156752302
1105629.341982268495
976473.141906755744
842008.209147813963
1018417.584071227699
997249.166202644119
940742.999150556629
947914.188783160527
1010982.645677477238
763545.985244360869
1197414.312412126223
1086227.365272868425
904839.977056453121
1148778.394956348231
1140833.627691098256
784535.419889354147
1287520.846381015377
687593.122649418772
942015.600123395910
945413.872071087011
1110275.584092229605
1070671.657968398416
1108230.970648749499
924892.593427163898
836230.344541021856
894479.213960386929
698480.243651992409
1076630.869422768010
1002087.395032999804
1245414.901481482899
1016209.540610099328
813076.114958387450
1381363.048174598953
1053456.501642143121
1085160.365069893422
1154642.424710075138
887315.043759743101
1347455.198031436419
880901.027251432068
994644.532402571873
935112.401089342427
893692.051261096494
915099.858150958316
1313329.541006176500
817439.281660605804
1058167.395562567748
833941.340655328240
841950.035304429359
954896.161338059232
831381.144153111731
1095700.846160430694
1216843.636735446285
982297.663307779352
907231.327824032051
1080736.503280978184
793074.633020715322
817000.858876127051
995945.146371061681
1045637.720279403729
1056012.548613198567
1038022.556302922545
959085.868056768202
943218.638622005470
754855.352514637751
1041215.380297019030
1188220.047874055337
829443.060865171137
1037580.656534381560
1102540.922011789633
876466.111262680613
831778.364002205431
1002169.803535880870
902695.171184911975
904302.820643834304
944095.507514433819
898899.816404537181
979849.224973571720
845513.412266447791
995457.017725560465
1037580.656534381560
901559.873566346942
861411.239909260650
1085646.753763591172
868780.552576909657
1007305.737394305761
1011822.053387272637
1145979.781749871327
762220.716224437812
915168.579978695605
1039971.395374322543
1032569.463734647608
1161050.382145227864
837667.363967302139
929052.741556477151
959860.177299646428
964112.722388948663
866672.105610063998
1008118.198332786909
1088057.928906714078
966789.750971543952
1007139.240578207537
1130462.412893906469
1100648.917178135132
1019269.388674833695
1035814.062202028697
977256.199759126757
1081887.856089871377
975847.598574336269
1086082.154181748629
1027519.798566299374
1079587.598422777373
864160.034817494801
1100251.427500569727
1067295.919687888585
903598.769954866846
770802.328336262610
1002829.559825239587
864037.493689471856
1258924.050722759450
924191.173289573169
803427.268657457200
949964.711554289213
895267.764545717859
985953.463672840735
889257.502261844114
1016198.948142744601
1077297.101396420738
1132984.828095603501
1156862.047749792226
933464.941478078254
1069544.041688284371
1101245.690493069822
1009809.811981795705
1246561.457753305091
1142544.985092472518
1015402.497993438272
902962.715693265549
1109466.934722898062
944095.507514433819
740768.634794013225
1111389.403647634434
863486.488414675230
1149496.279865708668
1065243.427534642629
1001510.914776159683
1084197.936921379995
768178.568519686814
768469.214970129309
886411.464285445982
967173.397698119981
882048.697958621196
1027433.168450915720
1326716.090632806066
988994.060298353434
1012158.206893381313
1089139.763249290409
1014137.628344052820
829905.539491970325
942625.849533193046
873701.233940085396
978826.089236651547
1156532.676378125791
1147601.922120379517
839282.700481839594
952061.313359086867
964952.475334255374
909363.839340072474
1109063.051601411542
908008.703598562744
1039616.516891000792
898568.412549499422
1027606.443291703472
1361683.313145573717
1257364.826600800268
987391.412331575993
943492.485125040985
1096686.898037825013
937270.020842663478
867852.500427026884
1019482.562512762845
912701.079313684138
874924.421940360451
1373268.516001387266
885236.343303100788
1030299.696567155188
898303.465354290907
971452.414284850820
1120690.161025962094
1056378.711078043561
1139526.830866709817
869460.448084853590
1119249.156043011695
1037934.146239358815
996922.841213703505
851658.733034894918
877033.811514667934
942197.681382117793
1108659.462426884100
923490.816231912002
1310011.804460769752
955420.212543811183
746989.384025763837
1124205.240866818465
876277.041130100726
915099.858150958316
1274451.491087441798
799684.021982827689
1361303.039655530825
959699.547058822587
1032033.858973910916
894479.213960386929
856206.338157543098
835313.236753465724
674174.862303402973
1000852.891836096533
1310786.792620878899
926439.471719348570
1016442.630773093551
974832.798255844391
930933.486955907778
934108.907787544886
898502.161099779652
1230450.808864732506
912701.079313684138
1063755.657384454506
1023893.867500950349
1108861.220290838042
920248.050669912132
818977.473857278936
791734.979924396495
952805.692806591978
1184984.909665141022
1251104.646681003040
952656.723811468924
837149.468365481240
1046221.223471523961
885638.431031708606
902160.557521195733
848929.628073584870
1086881.295992892701
1374197.655728045851
1006141.414382126066
921256.789461468928
951466.646704896237
1079539.780395651469
983407.425031981198
1033971.221024631872
1047300.172825396294
1155319.738672036910
966253.156596599380
1112302.374132558471
1074447.611620200332
876844.496402094606
966253.156596599380
1046760.420116501511
