9805591.451026927680
9766850.549853920937
9974917.035736618564
10066907.414878014475
10387399.861740661785
10009483.019746234640
10423563.166467925534
10179073.703108321875
10296792.156384952366
10077941.685166181996
9999356.908432153985
10012888.521617369726
9543701.553213223815
9777910.703692691401
10219017.487887475640
10545415.379113106057
9526774.775610005483
9736697.062808470801
9704099.319216478616
9935858.230536846444
9920064.597969885916
10095304.615386191756
10551282.689750410616
10121912.771121554077
10135153.736356278881
9805670.990669438615
9999919.392214020714
10408887.291935624555
10462301.166296632960
10259455.579069700092
9886609.140739927068
9997190.282969849184
9889118.927118692547
10119506.343630438671
9450146.311520537362
10272301.781113697216
10387965.563913257793
9915516.035618955269
10155045.076026435941
10387935.436208749190
10261027.479002235457
10370303.934472376481
9856502.866825092584
10125083.545432185754
9944397.658349150792
10249308.614316340536
10268852.773932397366
10274309.860084168613
9720896.532491290942
9659052.819243654609
9959696.536291779950
10167222.630812203512
10528712.751571768895
10507295.634731490165
9772622.406832505018
9898700.676953496411
9991238.965820705518
10235614.057120896876
9943839.358177941293
10150950.815991383046
9747484.383359026164
10047843.905342431739
10040068.170084973797
10072145.626459710300
9588109.575924754143
10108805.684444086626
10203349.800400296226
9716001.560595769435
10536979.375885179266
9623772.231696313247
9570058.962082192302
10446395.501133335754
9909549.835310606286
10221809.105830222368
10333982.941575039178
10226020.209150312468
9889250.391124442220
10197061.332350056618
9959946.821675375104
9926911.575369834900
9487922.301207656041
10194800.670637484640
10115543.317670121789
10015105.518830658868
9979222.662756038830
9953472.171872032806
10165472.033260773867
9812707.397705795243
9603877.789077227935
10342115.711226683110
9987757.397312400863
10512880.018202485517
9026757.288171293214
9652608.779314866289
9818436.902749158442
9659145.435455823317
9877789.761783791706
10021623.240051092580
10062993.717781839892
10393208.212563749403
10615914.047398133203
9822784.070064341649
9952849.343838360161
9789463.650661019608
10452259.868175042793
10775072.479843895882
9682509.485409118235
9674830.873694220558
9916829.726627053693
9533871.364896917716
9898951.959095453843
10307578.851167773828
10184399.293988494202
9679312.377546198666
10416938.700722649693
10221017.749512864277
9442126.381195945665
10243669.711386693642
10180959.748684339225
9756541.759640056640
9918680.872732691467
10311346.369641765952
10368137.551760230213
9801290.278787061572
9723343.897956494242
9431209.014305431396
10232321.720685251057
9887268.689264889807
10641517.847622444853
10544481.146957367659
9695129.528595963493
9948018.928155615926
9817552.781651562080
9963439.820254938677
9989258.487428717315
10314619.354861028492
9868421.573792409152
10173222.838570868596
10423967.082103017718
9958677.061067646369
10073228.338354948908
9404973.218726251274
9893086.633603690192
10155274.349870212376
10403531.446846459061
10208662.034510077909
10147151.577848469839
10282765.492353314534
9816572.161660280079
10013278.343352744356
10120184.094759479165
10392431.975887279958
10090568.700267093256
10145914.537082696334
9625963.967103529721
9790415.073936434463
10012525.682915562764
9676728.324554800987
10478668.758003668860
10143362.629945643246
10088598.116748861969
10352612.489734066650
9870137.896584134549
9572891.472221767530
9379949.142460571602
9975991.293221512809
9922082.883473996073
10365528.476633314043
9865796.028336664662
9910620.215116111562
10042925.036814797670
9825364.870009923354
10067536.215642981231
9948794.672847181559
9863324.691818481311
9818132.874712994322
10260322.023891666904
10028590.379545498639
10445167.911191387102
9620172.595745500177
9793659.231389608234
10292593.231341701001
9804565.505316067487
10121611.905097117648
9771097.847561825067
10003567.766729183495
9962429.841560538858
9779136.761106243357
10436522.032850876451
10181624.317585347220
9654200.671333642676
10139192.738885223866
9737826.517220605165
10210205.471350835636
10183961.716596756130
10129211.069401072338
9865215.321351280436
9582914.383493235335
10082031.906864393502
9773744.407108835876
9660600.514902515337
10007832.920730559155
9749858.900351131335
9775107.747034097090
10219426.225002266467
9652227.145343827084
10289903.511724630371
10526437.864955633879
10180991.903246715665
10136328.657413057983
10311522.283753143623
9707984.238330248743
10206670.914478084072
10509259.601137701422
10309014.975233243778
9736132.433847630396
9838151.119170349091
10429399.669734381139
10062315.359887085855
10556374.051555398852
10002956.243013201281
10135300.321036865935
9784879.590906154364
10007696.731592472643
10225006.027861502022
9997934.437749134377
9805422.433571005240
9664713.387321559712
9827837.162305545062
10191787.476746998727
9740510.021917384118
9579561.592562550679
9788556.006667766720
9883994.555789869279
9881199.111961508170
10245961.870450995862
9789479.010713936761
10072183.391561340541
10040195.339065782726
9704749.836105074733
10350830.711110496894
10011099.463352549821
10108711.641070676968
9903387.909209212288
10099410.000606004149
10249633.957931995392
10524175.414146572351
9675363.246528353542
10249130.471638619900
9612048.858404923230
10050059.699621595442
9622897.923543002456
9747924.803886432201
10228546.806044502184
9998591.866627970710
10087783.581139506772
9671440.549866950139
9933545.568794375286
10024785.520225690678
9568738.959957515821
9925625.773830814287
10614282.804552510381
9583366.411340149119
9780640.089712794870
9680897.584493368864
10047077.689308220521
10461665.164145855233
9731302.436435863376
10389163.002694629133
9750519.499325154349
10082953.794465342537
10158797.937627835199
9856295.925920473412
9949887.879946736619
10228112.728795351461
9797778.997006246820
9508346.440622381866
10351717.091467410326
10316058.542047344148
9915507.902393536642
10565919.252506664023
10141171.407742813230
9780050.571571594104
9755348.915034733713
10370410.692664278671
10001234.858652694151
10097935.726244844496
9710635.717166416347
10132564.772623741999
9970605.870670033619
9771232.116061707959
9603496.303146425635
9951856.872748995200
9876318.957298824564
9864133.597228813916
9548326.334439175203
9879902.918317401782
9598867.480047572404
10378094.153482969850
9997577.849760545418
9808328.356237692758
9880932.577082408592
10593075.762231094763
10130297.595886617899
9912360.329567363486
9882620.874203396961
10118696.338329449296
9353241.045012554154
9983084.726578257978
9964292.919087657705
9466327.188210319728
10060366.260750954971
9936789.186863264069
9896277.674935979769
10461557.650569183752
10040018.137270662934
9981990.394934795797
10025754.133882557973
10162352.804651565850
9770102.796050654724
10058394.900893166661
10294117.226492505521
9619820.435616739094
10176502.948639454320
10063471.358594777063
9806140.300827549770
9497601.949118759483
9745370.771375484765
9843278.147812768817
10091194.142474863678
10020285.273931145668
9872796.054103840142
10341886.771029511467
10205488.246670557186
9727025.084560018033
10552849.138067554682
9935449.915426567197
10326474.348556512967
9914003.485215840861
9908696.946740997955
9371982.471941569820
10031070.289737505838
9693232.627879677340
10262793.719491358846
10081969.367574915290
9925990.491928886622
9525143.941623484716
9714514.162369560450
10140750.330605011433
10198997.074647301808
10044865.296314097941
9729996.258462382481
10470964.388842515647
10292996.372355815023
9712490.663397409022
10225998.582716694102
9402807.812621809542
10270277.035642730072
10575170.643496718258
10077632.925727495924
9912426.370462011546
10105649.319573925808
9780046.615314075723
9954324.589194964617
10075791.264172855765
10410067.147225392982
9686550.804367350414
9831118.164739768952
10069043.561259541661
9872177.234566895291
9809116.295238688588
9741891.583284188062
9652682.002536347136
10380355.506724080071
10138581.528172845021
9758688.039608646184
9376049.563749369234
9746093.623224442825
9994906.832907499745
10086571.492606226355
9952189.722828425467
9616475.243599439040
9916377.978977989405
9858616.974572984502
10059585.576811345294
10602408.500266717747
10141456.454707816243
10036700.407168578357
10100494.362592820078
9959540.595112403855
9921112.823298281059
9888538.504755444825
10013894.240609852597
9981693.668383574113
10060774.441339446232
10298968.308789685369
9966692.850382355973
9731124.219935769215
10117215.369872685522
9346920.207624338567
9752005.190964095294
9779429.478335790336
10014732.148414036259
9424403.981707124040
9653595.459241054952
10015636.582490518689
10086738.768748736009
9737199.010199546814
10215779.523588083684
9607770.677467679605
10070513.605449268594
9944292.333189489320
9534085.666648538783
9935742.878116941079
9465967.670085800812
9653965.516219981015
10050367.816259004176
10075801.762045796961
9897977.298792451620
9851099.135202728212
10049107.138146184385
11114570.571545004845
10574976.367740903050
10347488.207252012566
9963513.729175249115
9835693.642629023641
9920895.018445475027
10098863.688518838957
10120780.379017926753
9830166.808243779466
9661862.968072649091
9710815.134214855731
9572089.862821329385
10439663.102623827755
9983756.695020040497
9625331.633291557431
10325328.247356584296
10338008.494393371046
10277187.473799722269
10088404.468458594754
10033484.802980365232
9766351.458617437631
9661480.722655445337
10067158.925758054480
10174408.208720486611
10199462.837876899168
9340333.653168108314
9555802.543263135478
9714974.787150023505
10148403.829883625731
10120542.068709161133
9275422.996564337984
9472858.861614326015
10150195.428309027106
9561180.113531930372
9974752.419019741938
10100434.231365615502
10183172.456389522180
9697890.629104977474
10198800.240619966760
10076237.968004630879
9508123.946099448949
10301989.799819327891
9718426.959304383025
10095812.599677583203
10156707.812660949305
10235128.737598363310
10236515.486923048273
9748569.417442342266
9755268.221561215818
10433333.325508294627
10347780.507114505395
9678335.931466137990
10556203.511352162808
9815613.655457649380
10269550.678241383284
9616590.952020592988
10292908.730318510905
10224861.161241723225
9966659.980872262269
9726933.118759570643
10247796.770786473528
9905658.202027287334
10205154.391892472282
9879236.782871995121
10117120.111546399072
9902519.920441724360
9801409.484087660909
9912909.003713313490
10060405.769090870395
10399486.026841320097
10141292.676202381030
9943602.150708628818
10191560.310425506905
10360846.771203700453
10084173.425897020847
10654721.757289176807
10317572.982904009521
9968745.569873940200
10184974.207714287564
10052205.419238818809
10342807.017291981727
10082205.339205281809
10308717.169110890478
10387422.176240902394
9984803.991819735616
9746345.075091168284
10470075.040375422686
9936883.249316263944
9667267.833267303184
9943843.448061140254
10165536.147076591849
9616996.431603351608
10533298.747019305825
9851950.166014684364
9950932.178463026881
10123001.970945267007
10026078.432634826750
9860645.521404618397
10106615.667690053582
9889087.578525748104
10089812.797852849588
9610218.705895304680
10194593.251661119983
9843670.906180405989
10004028.269635854289
9736502.964216604829
10024024.764913450927
10120586.552448190749
10908665.392478385940
10485485.681969048455
10052148.996187606826
10272939.042881391943
10083382.734643779695
9864129.572651810944
9802432.782186307013
10545556.821916224435
9831949.753151571378
10039125.969148011878
10237538.455336902291
9757445.445021050051
9611051.549008373171
10014624.291032051668
10288327.131074657664
10443703.755707211792
10489504.433484641835
9720214.539157286286
9627359.227668389678
9583470.877623032779
9417572.077830025926
10419556.042308222502
10158726.972368899733
10204060.362871730700
9835205.495443664491
10249047.919814584777
9652955.635985845700
10233465.134289333597
10113677.198307925835
10076118.283187674358
10208618.928448366001
10250796.999391652644
9956579.280920930207
10113338.747031345963
9837422.553454264998
10371094.664479646832
9944841.416214076802
9753638.892679180950
10200421.927781503648
10060121.368295548484
9825107.327910112217
10115238.598084328696
9933914.950882792473
9808742.207404168323
10543045.914011165500
9749685.901125559583
10118934.561721598729
9923130.517185265198
10375947.336951829493
10046251.058656238019
9901001.195284264162
9878054.109161440283
9997965.446602454409
9960287.394121851772
10252340.161392632872
10382925.510756544769
9681905.565487340093
9521289.586914094165
10334124.290961118415
10032874.820526314899
9614908.194697920233
10459365.987098237500
9415067.205426080152
9831557.929546695203
9938568.251592760906
10381079.793655905873
9587330.128082627431
10151359.720468381420
9685986.155416913331
10266803.228493727744
9889201.850161446258
10286624.307037632912
9717270.755172273144
9982767.325090322644
10541865.566833874211
9796250.548611948267
10133216.667585555464
10401338.295446926728
9669073.377011643723
9839934.959394879639
10016093.010322654620
9976752.880239102989
9637782.800486300141
10086798.737018767744
9855034.377125030383
9735833.481488265097
10139113.011569589376
9687565.785678932443
9740266.719309652224
9436616.657221239060
10062621.087335111573
10411093.715636454523
9735543.368227729574
9957095.954104131088
9983014.649188945070
9819977.268507031724
9775989.180743908510
9605891.583227302879
9718598.850976051763
9878775.587170887738
9432574.144379561767
10102760.882394161075
9897135.516995586455
9638516.677411081269
9755258.380985038355
9859374.817589377984
9999563.567339241505
10698232.844506118447
10029955.010595813394
9967964.656016664580
10572304.643960988149
9716802.102136177942
9337346.766515670344
10320975.492132689804
10560527.484274486080
9775032.654649065807
9928815.417785705999
9956907.321171754971
9834477.365923313424
9894135.238655991852
9628885.277758363634
9927347.723176186904
10382943.346973292530
9931119.248242530972
10016551.554712964222
10013131.119875112548
9780764.728487625718
9287420.492177303880
10006433.922184552997
10188699.848286945373
10239493.392033046111
9644949.604575587437
9848859.860500680283
9575149.207289939746
10299170.125123623759
10252307.554574301466
10113802.007933046669
10104622.447222689167
9744078.548072945327
10015277.693456895649
9916597.873508391902
9954086.881223464385
9896811.403342714533
10243368.073647294194
10038934.150263236836
10622116.762212522328
10056823.807535361499
9751209.684932641685
9597575.714288827032
9466130.747088007629
10222682.170715996996
10463205.680239206180
9998943.357784308493
10170560.910140598193
9777584.466013418511
10129259.873208185658
9992595.515039984137
9826872.460849545896
9963484.986687054858
10379956.634927531704
9905942.307565735653
9942827.215534914285
9631424.654050646350
9710963.353299081326
10324168.623258018866
9835709.648275181651
9719659.635254619643
10269151.552602211013
10062095.498891666532
10089046.483170000836
9598974.190111121163
9807045.241711994633
10109312.914828874171
10008418.110156649724
9791262.591004688293
9979116.341182569042
9915028.065709164366
9811056.836236312985
9979046.576925922185
9710705.923047976568
9791104.971461299807
10038934.215395739302
9635439.723285861313
10251392.474467458203
10298082.165463229641
10033251.626868810505
9982344.841436842456
9764759.836440613493
10291287.621794901788
9588155.206066459417
10277568.109887398779
9890407.425110597163
10017379.530785322189
10129982.436764959246
9841226.695236697793
9517826.143947565928
9506591.073604153469
10246576.326016096398
9942093.285423072055
9849870.016538126394
9851661.120193790644
9898052.265847707167
10274030.428168382496
10038834.172867683694
9846893.309019874781
9846300.789928818122
9801654.857458207756
9774898.281681630760
9879846.394246477634
10070730.688284056261
9934731.362335897982
10498252.601068899035
9807556.457962436602
9833781.217900652438
10504230.117769628763
10448626.888092905283
10324214.915045652539
9758520.635205382481
10060154.857158366591
9402822.440398216248
10353355.078552782536
10363377.137621164322
10361042.139412477612
9460130.251005500555
10258537.046142810956
9984193.729176418856
10272611.672508586198
10502824.641278954223
9493175.263198675588
10090815.077336123213
9693500.792144354433
10210226.492042668164
9680701.827910704538
9921684.861020430923
9419569.962618838996
9887620.484461164102
10139950.742523059249
10348149.780738437548
10245972.725916879252
10009118.355931019410
9705938.130996808410
9719114.562476361170
9868324.963795198128
9947228.980063430965
9941054.417818073183
9992884.629457086325
10420097.183456134051
9939281.230631891638
9773049.052637988701
10505150.954418046400
10031136.881412705407
9724204.226000528783
9966351.839758556336
10205744.037287121639
10089004.381341200322
9804988.980141274631
10233430.481637731194
10004951.472806144506
10354634.354461146519
10407256.327585730702
10242118.310880949721
9621504.912965200841
10376005.226987918839
10011787.646480822936
9853634.596730090678
9503396.063143134117
10514993.556715458632
9787289.946124438196
10218160.703906312585
9781399.842052567750
9663732.158925853670
10007668.251442864537
9967399.597292482853
9910410.995569922030
10029345.457238398492
9914684.482380986214
10082045.571014111862
9618924.840160472319
9598431.136796250939
10296450.656881881878
9894762.888549210504
9469388.831364255399
9798287.013933349401
9785643.962840560824
10360924.473586112261
10255947.755963912234
9977774.000952804461
9841595.252598809078
9947255.582491405308
10411878.312607055530
9885946.648402597755
10388026.935703754425
10239428.884013950825
10030520.942150613293
10308952.335616221651
10142452.001497115940
10214329.339375743642
9885433.290537279099
10032602.121988026425
10078935.304814739153
9996966.024711811915
10077880.771942138672
9807090.990411316976
9807055.187045104802
10311816.953337058425
9712921.830197980627
10846394.768799604848
9942575.745383230969
9983113.582259817049
9897566.013262692839
9784178.691559415311
9978539.978670230135
9653791.084786361083
9562139.680216494948
10121239.025550464168
9552683.832164781168
9859648.232527013868
10079480.513418853283
9717384.019772088155
10155943.035505332053
10215261.418505471200
10364737.761994028464
10028880.540579564869
10042084.490458499640
10158654.940977152437
10526237.355353781953
9899211.360495034605
10093696.686832036823
9932982.365007130429
10552193.948012363166
9706074.511318743229
9656005.193382184952
9710807.333335757256
10377470.505277302116
10175316.555058611557
10279683.146944845095
10240704.016780721024
10151207.609482755885
10383683.046550938860
9927769.640932219103
9869259.548189859837
10043235.845168115571
9817652.449121672660
10223538.091940028593
10525237.785737534985
10118337.436265593395
9603854.899066694081
10179347.993580289185
10066249.354203311726
9875838.871796330437
10004131.759269433096
10039631.963263880461
9998075.012758038938
9671026.597805883735
9839230.155099032447
10433297.306049758568
10155028.014200776815
10523716.169488601387
10413990.646160686389
9809486.431496813893
10440906.871197693050
10030770.638139972463
9625793.420408809558
10381476.522876780480
10152111.284899229184
9867012.010653857142
10318738.832875225693
10181251.290810829028
10166557.802986253053
9888421.215132029727
10408323.789728846401
10243758.687062345445
10336286.976930113509
9918782.604086738080
10105474.023763077334
10039100.957373593003
10133191.184773970395
9699478.097072390839
10175183.798980785534
10223979.076994156465
9899924.784449156374
9917775.555607348680
9906244.694934304804
10619241.005837507546
9774392.440112901852
10031711.271312264726
10077059.565531829372
10184013.194338260219
9981279.517068812624
9992528.401585713029
10331015.221515458077
10008942.249398708344
10056003.937762746587
10595039.427913384512
9945536.948766840622
10070287.094208134338
10622831.423059368506
9900358.532375711948
10154053.452583618462
10264155.293846234679
10038500.712174348533
9828606.262906396762
9791969.463061980903
9887123.126161199063
9968829.833682179451
9223997.666295073926
10045725.091786943376
10223969.348972331733
9940944.565025050193
9879273.115216467530
10157613.534563966095
9973550.881570398808
10204831.327420102432
10122111.945794023573
9901796.997829930857
9782832.612888341770
10237928.624264847487
9720044.544258205220
9912588.936413362622
9848176.843608850613
9826419.136556426063
10658520.676528912038
9480748.929722644389
10468756.883317608386
9713412.548492314294
9449540.558482013643
9918247.520543541759
9971230.923086855561
10356514.903989901766
10198222.689542673528
9980599.641673821956
10547524.765370070934
9962692.580538840964
9606671.189274951816
10310616.390215741470
9836556.021017886698
10519649.995948297903
9570475.681128051132
9535104.671690706164
10085717.313532127067
10088499.186802180484
10001123.154661018401
10421101.025613475591
9809382.949729921296
10062059.903253257275
10099687.925285479054
9394926.408176908270
10049639.855836179107
10217031.501794645563
10116455.470038786530
10035142.331208165735
10368516.061454730108
9989502.521684201434
10151872.562549002469
9995479.147301020101
9710741.026369437575
9832669.510528929532
9934625.221258498728
9995981.267689691857
9978770.103819042444
9968361.262764446437
10172437.381997395307
9895265.065801661462
10030920.461700880900
10188080.507779292762
9793952.818674996495
10510906.630231942981
10494126.362924020737
10255168.505030140281
10210073.959243575111
10067322.414569487795
