9634088.982467653230
9943580.469211583957
9748846.928489683196
10278133.703292846680
10451378.107795713469
10084736.068710329011
10470552.641960140318
10345735.678516391665
10576299.979431152344
10120015.874454496428
10410665.530509946868
10099564.886775972322
9389914.409675596282
9961100.904218669981
10198816.951837541535
10430939.061859125271
9317859.605426788330
9704134.546669006348
9906809.592285156250
10359218.060073854402
10050157.352630611509
10148349.304115297273
10331167.446660993621
9838044.577632904053
10481400.737743377686
10080098.907279968262
10060485.484031677246
10049272.044887540862
10757501.786950349808
9861728.715362548828
10391144.646612169221
9900291.162864683196
9507144.795532228425
10048214.193435668945
9417131.033401492983
10096391.816482543945
10529610.067096712068
9958640.151916503906
9861563.772773738950
10046363.522243499756
10892574.589199066162
10514419.983146669343
10281804.867668151855
9674610.548309326172
9858812.302364353091
10011743.381607055664
10059221.896820070222
10189811.084236145020
10149275.170379640535
9829729.689308168367
9777569.934539794922
9869888.370319370180
10477822.575942991301
10602545.499357223511
10001811.674705507234
9649395.936172485352
9728427.190155031160
10268410.029235837981
9653961.779762268066
10285673.647899627686
9880913.259086607024
9562424.618854526430
9606944.598854061216
10328778.192615507171
9702184.488365175202
10251172.194385526702
10354742.779594421387
9090293.543077586219
10731935.068931577727
9791795.714332582429
9612206.019006727263
10542443.155265806243
9532394.419860839844
10547122.846954347566
10324927.666351318359
10472782.964370725676
9716414.477577207610
10088094.218101497740
10133223.897209165618
9931571.941616052762
9549472.474594116211
9822689.984207155183
10107214.915660858154
9876303.171997074038
9936590.277048114687
9725725.069313047454
9849339.809944150969
9973389.949447629973
9713596.057044982910
10099060.489814762026
9852543.791427612305
10441563.318569181487
9111278.791923519224
10356393.215831754729
9841929.283439636230
9582087.681655887514
9561712.161529539153
10351546.754081722349
9925986.316028594971
10705179.021999360994
10380420.550918577239
9594411.540702821687
9635594.458755495027
10271821.487846376374
10415297.682449340820
10933765.610469818115
9660388.392238615081
9588006.581039430574
9855706.763023376465
9431909.978218080476
9825859.751167295501
10297528.015869142488
10712315.127143859863
9809731.856323240325
10313742.287750244141
10583873.304805757478
9244898.575145721436
9982334.224018093199
10268321.183822629973
9506840.758861545473
9655721.096992492676
10413914.802200317383
10726626.777368547395
9684391.962120050564
9388681.105445861816
9775825.835151674226
10313548.405639644712
9775071.306724542752
10356211.179637907073
10321114.389827726409
9593904.110580442473
10084358.637790683657
9963223.375373840332
10222748.314292907715
9997930.456447601318
10425710.826156614348
10119577.733497379348
10450938.921207429841
10688474.679273605347
9878791.353057863191
9888041.190071107820
9651217.749137878418
9819226.932106014341
10161620.223026275635
10180736.788742061704
9916881.406127931550
9818894.391952510923
10431019.605800624937
9982450.777503967285
10312325.427875515074
9855465.240871431306
10148863.387947086245
9878369.503669742495
10273237.830886838958
9907342.902595523745
9631111.754112243652
10502157.994003294036
9617168.185935977846
10074088.147521972656
9727141.425521854311
10341180.653514863923
10213868.227615358308
9812133.191986083984
9791289.275619506836
9660994.577484127134
10249608.611366271973
10020587.302486419678
10443347.324487688020
9886211.159744262695
10304914.442691802979
10094748.732490541413
10141765.823669429868
10455562.803695673123
9872768.789993286133
10079822.616918679327
9766508.015918731689
10353603.906326292083
9974698.473442079499
10422437.649745937437
9615859.277534484863
9916773.446502685547
10178497.115028375760
9863029.306083681062
9725805.937065122649
10279789.609909057617
10656638.252162931487
10147074.147480010986
9743189.147209167480
10556741.919651035219
9953933.298912048340
9680810.458770753816
9829776.952503202483
9730265.739326475188
10303141.960845947266
9896258.212394718081
9794544.090270996094
10433060.827297208831
9952488.275165559724
9877837.477775571868
9609581.290809631348
9620141.217536926270
9869298.302745820954
9760729.687988281250
9709382.116195676848
10443041.953678127378
9841565.461898803711
10614538.371574399993
10638316.394985200837
9985536.337409973145
10154658.263545988128
10522780.256195064634
9601446.425331115723
10063402.965904233977
10044326.951160430908
9934983.730316162109
9483010.305976863950
10269767.909168243408
10426105.466110231355
10360506.889640804380
10884620.787921901792
9626754.608657836914
10441559.207580568269
9863840.894607543945
10185191.478857034817
9974439.816345214844
9875297.363464357331
9484906.173473356292
9315667.334732057527
9697662.885665893555
10174208.135452270508
9469382.980018617585
9736155.114074703306
9994982.293716430664
9737118.491363525391
10130301.090545654297
10615985.776725770906
9870001.331245424226
10148962.850440980867
9993193.738162994385
9810818.628929136321
10337602.941169744357
9728023.075553894043
10071373.374065402895
9645687.156941410154
10077988.036140443757
10655277.864286422729
10633876.910636903718
9342053.901279451326
10170930.646522523835
9568931.361179351807
10204568.597412109375
9825431.759696958587
9776307.309043886140
9901710.421051021665
10046991.565593719482
10279659.357147218660
10100010.443305969238
10249644.932956697419
10176199.289150241762
9304458.550865177065
9537289.808086393401
10693964.215736391023
9458841.489669799805
9911417.199836729094
9897356.497501373291
10046984.934532163665
10523155.208576198667
9532470.853519437835
10323737.440414430574
9750115.072990417480
9963933.586128234863
10189537.800395963714
10234289.218399049714
9871611.523399353027
10035250.560640811920
10094074.063796997070
9239238.224384309724
10430395.745147703215
10862992.330364225432
9926840.723648071289
10244754.455627443269
10344466.966894626617
9668253.506446840242
9764197.516971588135
10726387.502174377441
9520671.378784177825
10069382.510124208406
9896215.654602048919
10052084.929855346680
9997761.654853820801
9990307.332725526765
9566161.696952817962
9470831.771362302825
10500195.228755950928
9751693.219184875488
9714648.504543302581
9493728.004383087158
9799514.978408817202
10320059.956588743255
10037500.256614686921
9923214.224815368652
9724017.701156619936
10246114.228637693450
10444602.346443174407
9813081.582000734285
9528233.675205228850
9948847.400493618101
9153381.689910888672
10153382.982765192166
10343991.509090423584
9479642.769950868562
10543649.193153381348
9806927.507367610931
9695626.535530092195
10304867.233547210693
10323093.705474855378
9745174.370140075684
10109047.829620361328
10239325.208335878327
9756685.984680177644
10299412.171840667725
9851889.208154678345
9682350.618850706145
10140884.944248206913
10039899.654052730650
9787203.042205808684
9766421.931938169524
9695752.123836513609
9998084.331722257659
10445320.195381166413
10361690.713897705078
9685601.832534788176
10170434.676284790039
10102437.217658994719
9640783.051872255281
10035127.863647459075
10021797.279144285247
10578491.180471420288
9655390.404815671965
9769152.563285827637
9406908.873748777434
10740145.043907165527
9763928.281631469727
10353794.026184087619
9527284.128957750276
10262213.198307039216
9528424.293037414551
9921716.822662353516
9914520.221969602630
10190610.836357114837
10055093.174072263762
9617208.496487736702
10802027.976356504485
10517311.389022827148
9388471.118984222412
10348999.817573549226
9408054.121627807617
10223110.448867795989
10686064.622165674344
10445953.517074583098
9831277.705078126863
9682109.127891544253
10471770.385112762451
10317103.423042295501
9759466.919521335512
10659653.597793579102
9483710.747634885833
9589763.379859929904
10324821.665546417236
9635788.337005615234
10187467.354698183015
10315680.260047912598
9665659.956733703613
10007273.509689331055
10115493.217376712710
10230251.498208997771
9801351.624389648438
9820950.329841615632
9692097.123813627288
10085196.665039064363
9933034.797523494810
9748893.014995574951
10224527.176391603425
9895841.896150592715
10003288.437599185854
10652138.998073577881
10229516.488449094817
10064479.085002899170
10444976.965412141755
9814584.602661252022
9685754.416790010408
9938727.365196228027
10544171.977989196777
10179770.213981628418
9648602.106529241428
9903088.734855657443
10063970.419235225767
9824265.531600952148
10089133.779945369810
9670435.514530185610
9868874.991542816162
9711788.160877225921
9885737.690719600767
9608647.980712888762
9560566.418128969148
10305898.927108766511
10161172.089328764006
9597770.548873905092
9817007.271003719419
9697527.460533140227
10033875.781951904297
9855361.037197111174
9780687.099742889404
9544739.575675964355
9750148.920948030427
9869285.274467468262
9528121.857383728027
10044765.651992797852
9895296.532447816804
9979072.917297363281
10425111.611310483888
11229527.349655153230
10486695.921054838225
10485376.121120451018
10140490.365737915039
10075288.285751342773
10262705.015373231843
9969739.382423400879
10092991.673183441162
9319023.249916076660
10512291.893585205078
9850431.144424442202
9496940.900192262605
10133019.071823120117
10605509.280006408691
9741327.835487365723
10112710.477958679199
10511464.610229490325
10364017.006431579590
9990825.147418975830
10398637.705253601074
9496772.449539184570
9445022.012863162905
10291562.571159364656
10233944.285333633423
10262748.905418394133
9436542.731353761628
9261134.666732788086
9894643.995258329436
10128782.004112243652
9944311.234401702881
9336743.664728168398
10087571.445602418855
10229439.698028564453
10061524.775253292173
9978667.539741516113
10013128.791992187500
10163246.667060855776
9682253.078464984894
10151249.272304536775
10351346.544038774446
9715565.305465700105
10158859.902629850432
9653302.095199583098
9949327.319313051179
10350368.471729278564
10927695.194320678711
10310273.367309572175
9664417.257774353027
9733117.561523439363
10273498.981384277344
10186502.586170194671
10267260.027128219604
10344519.469017028809
9372873.587093353271
9811101.359165193513
10505111.474472044036
10275003.744003297761
10398055.691184995696
10198197.325302124023
9767549.416351322085
10534712.532005310059
9921363.031921384856
9887657.351692203432
9438217.103828428313
9966169.703155519441
9587622.428421020508
9520508.791862485930
9980825.250915525481
10327258.726014137268
10187152.801712037995
9681612.092639924958
10125477.244689941406
10560001.859245298430
10695057.136337276548
10029125.064445493743
10708388.179864287376
9888485.513526920229
10236639.382438661531
9588863.285560607910
10308397.884693143889
10850424.547233579680
10383918.900306699798
10522334.948844913393
10130223.102096559480
9818050.010215763003
9918811.335388183594
10427948.371696475893
10269267.531753543764
9855354.692367553711
10203470.772720336914
9977187.553138731048
9288759.105262754485
10033520.209831235930
9683581.270217895508
9864715.617065431550
10180134.053909299895
10276124.177612306550
9912925.429573060945
10236561.893432615325
9812663.275905610994
9696697.493293762207
9452468.614997861907
10413021.414783477783
9804337.241554262117
9799329.382873535156
9849822.230152130127
9897232.759639978409
10597131.881820678711
10870776.775573728606
10655171.640758518130
10051880.580299377441
10567862.215675352141
10287059.065856931731
9841117.530746459961
9742753.474159238860
10176097.893115995452
9604084.581005096436
10141046.182044984773
10303762.999809263274
10039781.938705444336
9801792.858009342104
9814630.769348144531
10188840.371017454192
10504417.858108522370
10211175.776939393952
9453546.867513660342
9514221.648788454011
9298221.654327392578
9318452.463363647461
10215168.275463104248
9816441.911420822144
10222362.783737184480
9493910.812637330964
10176680.876838684082
10231391.748329162598
10159301.102432249114
10106292.861404420808
9724397.810085300356
9999494.728385921568
9880978.244838716462
10092838.720733640715
10281542.601699827239
9876867.264938350767
10450552.675163267180
10114455.978240963072
9605018.016132351011
11325079.797792434692
10270943.226150512695
9667579.780212404206
9831930.314201358706
9904664.417152404785
9721903.088798522949
10805240.408973691985
9735656.694805143401
10384461.184417722747
9933936.904220582917
10379259.252487178892
9858968.357002256438
10229078.301662448794
10302785.047145843506
9790816.303012846038
9683118.772499084473
10190609.052268981934
9797767.533683778718
10069731.136985778809
9788414.904418947175
9796328.263565065339
10118642.946395874023
10257523.997726442292
10515145.944080350921
9641575.494415283203
10001262.983711240813
9868760.706348421052
10345768.337905883789
9613673.368114473298
10100429.966519353911
9942323.148109436035
9708674.528491973877
10072197.639450073242
10521205.704143522307
9938021.544303892180
10624280.499000551179
10175683.602905033156
9688390.747688293457
9977707.155475614592
10252942.592399595305
9785432.596511840820
9596938.412410737947
10515174.981994627044
10099609.991271974519
9889242.131248472258
10045712.882331846282
10069492.590446472168
9529361.015520095825
10644604.219367977232
10012870.660552980378
9502690.117832178250
9344512.024406434968
9954832.964611049742
10040207.310714721680
9595718.941085813567
9731264.541725156829
10100585.570388797671
9737471.564613340423
9502654.126640317962
9719107.981636043638
9640496.257972713560
10037542.930259704590
9389833.407188415527
10145105.043983459473
9830898.648571018130
9675501.244972230867
9995757.764854429290
10086515.686756134033
9943724.594297885895
10731620.439434049651
10352275.343742370605
10100926.133451463655
10604778.461334226653
10068310.236907957122
9389258.403030395508
9829460.891075134277
10222304.406318664551
9624181.979942319915
9977015.099124910310
9560745.449920654297
9499003.800872800872
9819220.799835205078
9721930.987281799316
10029597.805332185701
10351715.139884948730
10488465.755395889282
10079561.592811586335
9843370.201309205964
9912184.170776367188
9065527.604598999023
9764280.513648988679
10163890.519416809082
10372497.615566251799
9599020.569229127839
9966278.656127929688
9442673.870590209961
10423539.356445312500
10241931.744689943269
10274399.967453002930
9846944.721050266176
9441759.735145568848
9997415.068382266909
9891457.994613647461
9936861.115951538086
9640577.469799038023
10585010.908287048340
9657013.422464370728
10486199.648666385561
10022993.829479215667
9875832.323326114565
9418769.337444305420
9488286.387908933684
10118446.038722991943
10916700.428646087646
10194184.022804256529
10448721.952491760254
9666019.313388824463
10168219.261142730713
10010692.864036560059
9846512.378765102476
10290004.203113559633
10018494.083435060456
9339614.144714355469
10329191.810401916504
9778258.379058839753
9942424.999633789062
10499429.600433351472
9617125.288124084473
9455637.931159973145
10157020.848083496094
10115401.086776731536
10282842.117004394531
9354350.099342346191
9599682.109153749421
10192817.092964172363
9869043.944297788665
10005976.582992555574
10080382.465014455840
9700785.860748292878
9755672.831890106201
10208579.394710540771
10228115.414241790771
9929737.545730588958
9887429.140327455476
9327038.739659667015
10126567.008018493652
10407894.327163694426
10645976.237617494538
9746254.616432189941
9769092.019767759368
10519205.267372129485
10056605.768669126555
10277158.497116088867
9714325.766883851960
9736559.033378604800
10116188.085460662842
9917157.896396635100
9469937.310340881348
9619133.113929748535
10196674.743324281648
9723403.113159179688
10066585.994598386809
10071263.405731199309
10266927.774360653013
10059673.179519653320
10058355.575141912326
9853555.255889892578
10068521.356315609068
9594307.004493711516
10358968.139533998445
10208874.335426330566
9753803.317165372893
9511605.475723262876
10169008.373161315918
9667748.355262756348
9781968.005533214658
10423775.488380430266
10614964.793334959075
10515238.545833583921
10014576.418876647949
10360491.438606262207
9579540.265197752044
10245061.846714019775
10483580.935522081330
9848474.285507202148
9422263.199081422761
10227433.576583862305
10089268.479591371492
10133415.041877748445
11139541.974414821714
9436252.298858646303
10123954.912776945159
10063357.413864133880
9921942.504186630249
9763128.102550508454
9898461.610084533691
9184398.483695978299
10052035.684093475342
9949389.561996459961
10037231.437969207764
9795022.974700925872
9852598.737091066316
9696649.543647766113
9987172.926780700684
9953680.382606508210
9972270.583305358887
9855826.055837629363
9969471.068870542571
10334198.367759702727
10120617.290496828035
9513062.144874572754
10264005.049724578857
9821967.669090270996
9886528.351135494187
9881605.792995452881
10314997.791933063418
9963671.769828798249
9998733.723037723452
9796531.810981754214
9760998.775382995605
10574989.684524534270
11082516.686954498291
10389100.754013063386
9609800.663383482024
10299202.128993991762
10618907.879402158782
10239546.956863403320
9893530.120445251465
10414783.931221004575
9357488.727092742920
10215147.038631435484
10249712.346076965332
9268337.249046325684
10087342.925132745877
9998675.965606689453
9970688.186759948730
10210914.356704710051
9728728.456604003906
10711068.449337005615
9489588.818778989837
9900789.475460056216
10170723.722808841616
10219731.531921388581
9505270.145277023315
10066579.749448778108
10027445.048286437988
9861758.393417358398
10413627.323524473235
10500467.973907470703
9874084.591072082520
9691600.728927608579
10752082.189155815169
9572252.142265319824
10388084.577465059236
10231128.078628538176
10017061.561737062410
10230351.837005613372
10611002.426628114656
10433526.770744320005
9938016.181816102937
10408810.585350038484
9723028.380409242585
9737544.087375637144
10633364.536354063079
10240576.902854917571
9970525.780677793548
10353925.519714355469
9371991.518159868196
10526907.914237977937
9782404.461479185149
10040167.058258052915
9776970.659660335630
10035539.337669372559
9937330.122390750796
9877006.500282287598
9243336.713773725554
10038857.990272521973
9923012.218864444643
10240549.349792484194
9892190.813468934968
9695210.511543272063
10252178.169536592439
10424999.873782157898
10287015.161323551089
10199120.060054780915
10340261.042633054778
9975389.900741577148
10629681.130302425474
10196882.728740688413
9835847.422599792480
9833079.967205049470
10101611.371410369873
9573827.696128847077
9518898.710765838623
9907483.943843843415
10456853.174552913755
10139630.625370025635
10377303.340408325195
10632017.082351686433
10565548.382034301758
10561917.212690355256
9661102.209312440827
10085171.148979188874
9641502.871913906187
9255602.376960752532
10168539.183998109773
10317496.974121095613
10574728.636772153899
9288957.984558103606
10180796.412345888093
9927667.372261047363
9948279.091430664062
10010819.011230466887
9801107.874947549775
10050371.006080627441
9236546.260429382324
10140773.161956785247
10669075.443717952818
10449171.339340209961
9920637.832893371582
10256306.384705301374
9707906.525821683928
10638052.118509290740
10040370.671955108643
9601778.475437164307
10212741.803169250488
10145177.522850036621
10405764.979843137786
10985243.539894105867
10222065.742160797119
9524978.827835083008
9883404.635204315186
10553656.095252990723
10425562.929336545989
10160002.391990665346
9679976.979789735749
10037155.710525514558
9909074.870246889070
10501738.779075626284
9553100.655487066135
10479178.221656799316
10291944.509605407715
9741945.392448425293
10029035.829524993896
10158382.034019468352
10544253.072574615479
10008951.056671142578
10011916.296424867585
9431020.353237155825
10043822.876075744629
9870325.800750734285
9736876.500892641023
10451557.013036724180
9949638.083477020264
9869991.120178226382
10935249.639816284180
9828590.022743225098
10009209.978218076751
10474388.147262576967
9702605.326542850584
10504891.283405303955
10131170.912246702239
10205438.934768674895
9659261.297149656340
9700621.881660459563
10405123.905754087493
9445056.607513429597
9258677.375633236021
9749131.074981691316
9932995.281578065827
10582341.943210603669
9547119.579940799624
10212150.302639009431
9892863.263877870515
10183409.833110807464
10202670.908622741699
9632707.866168977693
9678716.738357543945
9970266.263786315918
10257256.657562257722
9802547.381210330874
10112541.342498781160
10196711.045246122405
10402722.462196350098
9405461.395992275327
10350929.572578432038
9867499.436321260408
9594773.076988218352
9877328.887836456299
9855358.699745176360
10243522.094063282013
10343123.319540023804
9843749.994819637388
10566023.341331481934
9941072.559288023040
10379278.366737369448
10122038.713836668059
10148470.323995584622
10118144.294036863372
9147197.553199769929
10028825.966800687835
9890933.782196043059
9973518.046928407624
10053918.061080934480
10672665.180862430483
9715347.028907774016
10052276.290321348235
10738737.505754470825
9385521.821861268952
9945954.279384614900
10252596.381088260561
9625716.044345855713
9553176.979141235352
10944806.985397335142
9820012.506557464600
9907061.605834962800
9758047.611549377441
9145603.878326416016
9876514.431732179597
10306115.282730104402
10122466.170406341553
9971460.680866239592
10012450.991249082610
9932178.383636474609
10126741.514129636809
10254400.004425050691
10152360.108776090667
9612433.569396972656
10220432.517220975831
10571452.063320161775
9979932.084093095735
10319883.192443847656
10077148.977588655427
