961090.941064043902
1024251.950079641654
1157169.897776482627
933748.057754386216
1046682.230443688226
985823.823429193464
923844.512178964098
901757.844606467988
1009502.456696294248
1129806.527095178142
940291.052622706397
895499.190890561091
1114342.237575407140
888468.574501298950
934904.131795114721
1057149.944006513106
1226593.198912157211
929974.374026918318
1012350.495686301496
989116.111919491552
1007195.814043672057
986292.889847008861
952377.800324029289
1008340.683791180258
971390.985021570465
1220277.314414254623
1157950.647551806411
940756.211564065539
897235.101249346044
932362.577033633599
1183231.884278774960
1027007.534235505736
939569.371520041954
1008400.807843561517
1186630.829287267290
1011852.308531328104
1176750.657688810956
1189775.499769893242
1107622.239459253149
832638.910437287763
887586.186528138816
792932.978596450528
912246.840060288669
1119962.869893172523
995214.659819040797
984930.706869306625
1075350.956211926648
1048712.784451811574
849712.781421507359
800668.695995333721
1110199.238199091516
991461.468022734392
1080896.456453759689
995895.897969460697
730214.207471429254
1001379.411687283893
951072.553479976719
1042717.130605073413
858032.004623614252
1127456.801352079026
997637.639519490069
904427.141375227598
1154202.297454864485
929689.927531658905
910803.783257852192
884334.620563770761
1343097.792770224391
1133103.327064989135
954535.880484684836
1228298.048397731036
1099068.842128514312
960082.178757113987
1193069.821472984506
1037096.934839245165
1034658.492604551604
899212.471308408887
930510.760431959876
1050152.197395983152
1027473.417613093858
1117239.352976130089
935279.574154007481
1054958.497724150075
698821.014243940474
903855.275725689484
862789.496001559426
820943.360163552104
849994.904301706934
793065.256155287614
1051554.550580324372
921961.380620271317
1049517.640196080552
898780.763874229859
939596.196719897096
760004.092763334047
910262.969481251435
1049214.147043189732
1337285.892280243104
1127203.821609568782
1014522.117223348003
1209529.890329540242
947831.105707286159
884294.663105005282
1069446.257080506301
1276077.329258917598
1084315.772387340199
1229171.597037157277
1052100.275310770143
829985.363844893291
912712.272982018301
986624.128222068539
1011623.353709169198
925618.790374224656
1053162.573441822082
952213.117392157554
1095974.276797671104
1021595.366904553142
1049495.257429227931
1132545.489153038012
908794.910353052663
1043075.403687362326
907797.472711418057
951639.352617861703
1297157.879728163360
904544.975460271118
1156458.238809187664
1300731.394033337245
1038360.037021419150
1019453.909921013634
1055957.916888240259
1048360.557985282619
799618.278158449801
1151553.296104655135
1286384.123919630656
945462.193742907722
997845.384299667552
1134127.762636715081
1116269.879376692465
952924.227285406902
939954.429095329135
912742.807463700883
1009316.670705192024
841042.945053956588
1188663.042011042126
1000052.243677762337
935438.021027245093
844139.073696166393
882300.430373215000
1087383.476903349860
980331.931120420923
1039207.796630636556
1078017.139865549747
1043452.829489625525
1115802.164742365712
913348.442418074701
1174802.635061401641
859624.253338607377
980300.729340807768
983714.124415153405
1041159.225939087453
1120425.809946566122
916780.680713146925
873284.608920297469
854616.827335849172
840416.249852740089
951072.089314116514
1003822.610582106630
1160812.714119048091
1112675.209700201405
992887.077860264340
818361.774804622633
949173.828503947472
985810.164227903238
757019.051386464736
1198600.878517267527
890651.089362355531
1074413.423008243786
898164.747985445079
920188.697714032256
923373.547211823985
999006.226183965569
1078248.583121296484
1086909.302581282565
944373.912232350558
1331340.297851262381
863329.746125798672
1140085.229414788308
762966.628605322796
1064728.025931657292
931634.577232219046
931848.831560792052
1304995.740403751610
926054.703851445462
957298.288447891595
1160575.812290656846
852372.446993980207
1182061.491463205544
873877.926850543590
994335.273681319552
1056103.548065068200
1264097.152994074393
1020562.011135626584
861452.152276756475
1205804.169469026383
960801.401208041701
986535.493462868151
1206761.952261228347
993252.084996766411
998647.670822634478
1034693.343173810164
977701.519787218072
1173749.285518202232
1172205.451737223426
991900.090581016964
1042538.599189377623
829106.747106218711
1185898.295153017854
977782.216865935246
992442.815603367053
975495.047501809080
1140232.541176553117
1159611.775935186306
1114009.418403688120
957311.178484167787
1043172.359529907349
964199.819305995014
1197084.058029253967
1004998.892507375916
1093985.943345851265
1072298.506700630998
972789.160735082231
960987.993057492073
898478.557545173331
879484.016599100200
1169052.850991589017
977858.742584479158
844440.201378435246
973068.754606919130
907903.934684371459
1146888.687606489984
814494.491839963361
939595.552149645519
842536.487894815160
1352726.149584062863
955430.480504959356
1005166.873128253734
944232.830433289171
1119710.660273413872
976647.762212801958
849805.038854978629
1010099.541314046946
999480.671412513359
940446.660913503729
946921.974427171866
1008491.115754175931
761321.869478885899
1190837.837113338057
1124866.109925305704
904712.411882234737
1148348.085194352083
1143536.425622372655
784817.348750705249
1288538.986253818497
698335.045760480105
956735.680345241679
939056.553169374354
1107539.541812713956
1059328.741424806183
1121613.515266089002
923917.827414351748
827755.751175552490
887678.304157495266
701699.683785492904
1089819.793750750367
1003275.990384487901
1246988.567845558282
1009724.107501307153
816007.490955833346
1372305.345273660263
1067443.270876676776
1098544.971998661524
1166713.085327930050
875328.840436522150
1340095.724162098719
882860.317730060429
991478.575093847932
936222.607995901024
905973.991144341067
917148.546390914242
1318015.080219296506
815464.334377992782
1051031.900751545327
834899.085234488477
840626.505101882620
953477.139338797191
831105.301141036092
1101261.112894548336
1220093.387806126382
976688.003931817831
912439.097197330208
1081901.472548352089
803776.958929186570
805396.028752327431
984483.964570677839
1054374.123776490800
1052251.015701101627
1038103.207338182139
954376.939926241874
952297.362488019047
754327.780015658471
1048287.980977616622
1190439.122156376019
828831.477132142987
1036505.111342733260
1100907.449465716491
879013.774677723763
833838.874716872117
999885.595616228529
898134.564988049911
911217.045009862515
964241.667439499870
899506.577091508312
980302.020352948108
842412.892357148463
992163.722865586635
1022656.188752538757
917949.798738884972
858489.068769560778
1080630.687304834602
876471.518216010183
1002652.061337213381
1002415.405399687006
1142213.224745736225
765085.932483891142
912864.198958817869
1034549.297825773014
1057166.066345040454
1152547.772920045070
843378.545684755081
925893.643262580503
957853.751661262009
966879.968334071455
875269.354828387382
996605.492166234413
1093762.871548809344
965265.379156779149
1009878.750667344779
1122082.800205456093
1101990.227684122045
1007871.752989799483
1032203.177626133780
981289.846226732712
1098336.455468452070
976642.875583128189
1076998.220856698928
1028384.669669236755
1070375.934397847159
856384.698786436114
1092217.923509559128
1054235.818442479940
903327.503000143915
764634.753392447019
1007947.035948184319
866217.368047612254
1241305.438357854029
935444.112788257422
792051.560036518844
941263.020890096202
895823.066575430683
978262.782818937791
892979.022346670274
1032481.953881001333
1074042.920939205447
1126816.670975655550
1144302.769566914998
927194.995679044281
1078954.790910559241
1100072.651041665813
1005735.916485375375
1235774.976755266776
1133277.494178102119
1019695.517853401252
896926.153289599228
1095273.183143270668
940367.630451429868
738964.774539965088
1109813.459786253283
858720.548584012082
1140526.956009008689
1074982.044916030485
1003020.322603125125
1081941.783098824788
762702.452655060915
768699.964618576458
879624.543175949948
959765.430374390911
875463.731779992930
1029363.373005696456
1312231.978336510947
978350.145829274319
1006533.194489600835
1112042.383756432915
1022835.836441929569
832540.655088040512
946885.920226360089
865592.806524635642
976581.869895401178
1160914.131275164662
1133967.018614526838
839694.380234988988
942464.330468169763
965127.516852976521
912927.262903605937
1108800.314050745917
904605.662554701907
1034473.282786362688
897062.499737774255
1018384.977189764846
1372460.345017457614
1255892.688714129617
984610.374924684642
944946.133996502613
1096936.274136703694
937128.007830681512
884608.862215900212
1017175.567670068122
915741.691771434271
877822.262996067293
1374797.611534818774
896433.517579757608
1038331.733456230955
904646.677316032932
964543.075958356028
1131054.127294556703
1077229.923209897010
1135054.991798296571
864547.848382145748
1121341.140474165790
1035787.957656484446
999916.749078732799
874903.055268313619
880271.784234032035
955222.972484677099
1091297.368313084822
918509.370434838464
1297805.973550593946
957383.692792239017
746543.935862157610
1132632.933902844088
872983.420275735320
905799.101923177717
1272567.532522223657
798230.567764875013
1375544.456336751813
964281.987945431727
1029640.262959094951
886181.530592352268
864360.545824366156
834169.760779788136
683481.704135526204
1002636.754511815379
1298248.172708803788
911864.817563613877
1026871.617806682829
979403.033183105872
950472.345281701651
932573.100942431716
897276.363708188292
1220654.486275813542
909043.119912201888
1056737.871253720019
1033001.508901420166
1103622.876549229492
923605.620736170793
822496.200188851682
784662.918592976988
956309.228166226298
1217979.804952875013
1254623.365780063439
963262.413680651691
825941.311618038220
1048516.543545893510
886443.945100146113
897872.103001929470
850443.535117851105
1081793.041225112043
1371226.531215597875
1007121.695160792675
918681.363473843667
944073.737518962123
1074075.547457204200
980385.740535606397
1052936.391435702797
1041580.964324144414
1149044.686239702161
950186.068687204504
1097576.811450583627
1076794.280689553358
890558.054140373366
964882.355763491942
1040736.538029227173
